0.000000000000000000e+00,0.000000000000000000e+00,0.000000000000000000e+00,0.000000000000000000e+00,0.000000000000000000e+00
6.666666666666667095e-03,7.675781838479760211e+01,6.750932968361613007e+01,1.087292495554356364e+01,7.056277493970801729e+00
1.333333333333333419e-02,8.603932699782933469e+01,6.048183454594619946e+01,1.590728253306243900e+01,1.537810004466592950e+01
2.000000000000000042e-02,2.757329766821797534e+02,1.392230550430751919e+02,1.565243063156247949e+01,2.221146908888777816e+01
2.666666666666666838e-02,3.081369626279614522e+02,2.315296304898652977e+02,3.738383285857443639e+01,2.023853564438448416e+01
3.333333333333333287e-02,2.543058450714194407e+02,3.373682267046798984e+02,2.427759025354935218e+01,3.914716168935868268e+01
4.000000000000000083e-02,2.676771029897305425e+02,4.117502711507939352e+02,4.167757672850902395e+01,3.265493224917749160e+01
4.666666666666666879e-02,4.673118432351881211e+02,2.921191288893679712e+02,4.876823950154518172e+01,3.697200143842766806e+01
5.333333333333333676e-02,4.808104932640090396e+02,5.495283356788077072e+02,6.488039414900940471e+01,5.533616908050287009e+01
6.000000000000000472e-02,5.163139937975943212e+02,2.274164513299979546e+02,3.600650140879422167e+01,4.537110328282184923e+01
6.666666666666666574e-02,4.278325303284058805e+02,6.277153881379618952e+02,3.734163553373459621e+01,4.848143306933410912e+01
7.333333333333333370e-02,6.077960969570773386e+02,3.227162665056887931e+02,4.432109248024331549e+01,6.937433680722134000e+01
8.000000000000000167e-02,5.012722510149768027e+02,5.806395831573357782e+02,3.307973623286493137e+01,5.701516691004371040e+01
8.666666666666666963e-02,4.945352937504289343e+02,7.642864759385070101e+02,6.325499592504121438e+01,7.331684296797878631e+01
9.333333333333333759e-02,4.320774128498186997e+02,5.753961813516282291e+02,1.010330195715995245e+02,1.023735798087708702e+02
1.000000000000000056e-01,5.140947037670900954e+02,3.352437875146147235e+02,1.083121999564897635e+02,6.185863798479806519e+01
1.066666666666666735e-01,5.102132460112789545e+02,4.845240072342432427e+02,1.193340534811493967e+02,1.177722355175265108e+02
1.133333333333333415e-01,4.130534458915520872e+02,6.389884959516678009e+02,1.113492131182042613e+02,1.154251140653909857e+02
1.200000000000000094e-01,6.790829294297249135e+02,2.853272494391599707e+02,1.356000181817653925e+02,9.101916799018961513e+01
1.266666666666666774e-01,6.434024054436206370e+02,7.303308436309960143e+02,1.005433142392156896e+02,1.064953041203261108e+02
1.333333333333333315e-01,6.254847665153245089e+02,1.271268377123077471e+03,1.535322325234712935e+02,1.052795654842882414e+02
1.400000000000000133e-01,6.410663670475315712e+02,6.839536578579195520e+02,1.204832014144568575e+02,1.115327243878210055e+02
1.466666666666666674e-01,4.972620246726394839e+02,4.678960586405972322e+02,8.986018886144360351e+01,1.031504254080077061e+02
1.533333333333333492e-01,5.589238635748117758e+02,3.230965553165447659e+02,9.675611531880760197e+01,9.074635105228479404e+01
1.600000000000000033e-01,4.249620038416828152e+02,5.666018032901071138e+02,1.094627712550487644e+02,1.102713719474472640e+02
1.666666666666666852e-01,6.914224385459732503e+02,8.832655164056934609e+02,1.013470427267226199e+02,1.117883291194221158e+02
1.733333333333333393e-01,6.244308472198547406e+02,6.638821402967752192e+02,1.667763659186855705e+02,1.359493051747130892e+02
1.800000000000000211e-01,6.416150359535749885e+02,1.019651355469203736e+03,1.286430217952440103e+02,1.178277480099546892e+02
1.866666666666666752e-01,6.548470640619383403e+02,9.483955988016037963e+02,1.015774489087713448e+02,1.318699232302342637e+02
1.933333333333333570e-01,6.792691290257855599e+02,7.521711910333232254e+02,1.033817479962568200e+02,1.390447882383461433e+02
2.000000000000000111e-01,6.090061578767034689e+02,9.959146982421360690e+02,8.952636576835736548e+01,1.255066809124680560e+02
2.066666666666666929e-01,4.785572397090634240e+02,4.246450570641549120e+02,9.769598264663115117e+01,2.106619652780846934e+02
2.133333333333333470e-01,5.595248972650957739e+02,4.853180624677293622e+02,1.186822159341419933e+02,1.005107048650275345e+02
2.200000000000000011e-01,5.927022601339433550e+02,9.100572404244270501e+02,1.127912198720795942e+02,1.456347027020464111e+02
2.266666666666666829e-01,6.533925226556721100e+02,5.453467492857727166e+02,9.757484955870550891e+01,1.679230506600780473e+02
2.333333333333333370e-01,5.983160351521167968e+02,5.260012654833084298e+02,1.187853256856562467e+02,1.636750143093265137e+02
2.400000000000000189e-01,5.394731409269297728e+02,6.323395235998633552e+02,1.231633614119402722e+02,1.024726196202009731e+02
2.466666666666666730e-01,5.140554630909996376e+02,4.726603723666007113e+02,1.615302297311661448e+02,1.763322495975774302e+02
2.533333333333333548e-01,6.496616585509019615e+02,8.682196825035659913e+02,1.305128314882463485e+02,1.593265601501727815e+02
2.600000000000000089e-01,5.524435394045914336e+02,8.079646188060255554e+02,1.371681302008159093e+02,1.366698638682205456e+02
2.666666666666666630e-01,4.829384140704213451e+02,4.674543411440481009e+02,1.286331709308273048e+02,1.264094912970117406e+02
2.733333333333333726e-01,4.831475240849316037e+02,8.000578739136182094e+02,1.789919929069232580e+02,1.852348667552993788e+02
2.800000000000000266e-01,3.846257712622750660e+02,8.500881325025102342e+02,1.118695789492012409e+02,1.839243040004070053e+02
2.866666666666666807e-01,4.743703021297218356e+02,5.318463457427861840e+02,1.677573101742432300e+02,1.705593044936567537e+02
2.933333333333333348e-01,5.052800569613284551e+02,7.428284051693143510e+02,1.305010339922431228e+02,1.445391793042575443e+02
3.000000000000000444e-01,5.521689512862935771e+02,4.829118624770477481e+02,1.558232428259023266e+02,1.483559510135197002e+02
3.066666666666666985e-01,6.836175632208138495e+02,7.514034357938676294e+02,1.606658002999205621e+02,1.863654450176761088e+02
3.133333333333333526e-01,3.778208762407313088e+02,5.945005974782056910e+02,1.518268876800282499e+02,1.556774892830903525e+02
3.200000000000000067e-01,6.926570609956308999e+02,7.332001973544806788e+02,9.904305681590226129e+01,1.103370613718308277e+02
3.266666666666666607e-01,4.593701372467901933e+02,6.423970073769758073e+02,1.765172861712167389e+02,1.188343763557550403e+02
3.333333333333333703e-01,6.436325170516423668e+02,5.557494699283423643e+02,1.537104762799940545e+02,1.469645885397377754e+02
3.400000000000000244e-01,3.547230223243606702e+02,4.818641148627931443e+02,1.403650386299723891e+02,1.309481778196867765e+02
3.466666666666666785e-01,4.142325991809943844e+02,5.664507166886737650e+02,1.917248603920342021e+02,1.945674217278357503e+02
3.533333333333333326e-01,3.828277071817948354e+02,7.865755993865371920e+02,1.602801588862246831e+02,1.395151214699222919e+02
3.600000000000000422e-01,5.387148168558861698e+02,6.416206192768358960e+02,1.826177301700893736e+02,1.287764744053769448e+02
3.666666666666666963e-01,4.716883701798522566e+02,6.081089047262194072e+02,1.833569790634280707e+02,1.507419143334704188e+02
3.733333333333333504e-01,4.243476550713879192e+02,9.351834025926857521e+02,1.624046274102991561e+02,1.452257311049523594e+02
3.800000000000000044e-01,4.076057586457692992e+02,6.569085200558331508e+02,1.450747925524766231e+02,1.663713028279009336e+02
3.866666666666667140e-01,5.321325076238110796e+02,6.582714720565592188e+02,1.586220121111135484e+02,1.485801736722931707e+02
3.933333333333333681e-01,5.807462246748809775e+02,8.143793913484701079e+02,1.747714070242764421e+02,1.681174526659853257e+02
4.000000000000000222e-01,4.264624146793324257e+02,6.084327907938262570e+02,1.211959754535753859e+02,1.429109585338301827e+02
4.066666666666666763e-01,3.084854167259769611e+02,6.077954563095175899e+02,1.519564661151834457e+02,1.406932031903253346e+02
4.133333333333333859e-01,4.225938000517863884e+02,5.927459694790162530e+02,1.516168947383886518e+02,1.596009233108813419e+02
4.200000000000000400e-01,4.676535990532765936e+02,5.517079862665997325e+02,1.311941402751685644e+02,1.742312146137689695e+02
4.266666666666666941e-01,4.187189592813135164e+02,7.739476858418278198e+02,1.220098410048432385e+02,1.925354690409212708e+02
4.333333333333333481e-01,5.768512128753550314e+02,5.073891775502249288e+02,1.266534664731464090e+02,1.721725304267713739e+02
4.400000000000000022e-01,3.376757813874918952e+02,8.132910142108687523e+02,1.709914928918134365e+02,1.731865870333192277e+02
4.466666666666667118e-01,4.821083865798418060e+02,4.720002577227108418e+02,1.994322206700502704e+02,1.639413671405287403e+02
4.533333333333333659e-01,3.880347969624748998e+02,4.811682583195628808e+02,1.453407804277179025e+02,1.540243036925022579e+02
4.600000000000000200e-01,4.331806455255136825e+02,5.620929756753150741e+02,1.642288463903350646e+02,1.907414934093314400e+02
4.666666666666666741e-01,4.038447105108452888e+02,5.087604824366831622e+02,1.820935877628527919e+02,1.329815309682784061e+02
4.733333333333333837e-01,3.236633123262270715e+02,6.533106454826271374e+02,1.357084664498807456e+02,1.217214916756943239e+02
4.800000000000000377e-01,3.777519242742994834e+02,5.680296138590078954e+02,1.636964038518565872e+02,1.672595470461421314e+02
4.866666666666666918e-01,4.762307516279061588e+02,5.115474264077315638e+02,1.590935520129223448e+02,1.349084332739658123e+02
4.933333333333333459e-01,3.851301868386719320e+02,6.454186318479625015e+02,1.622519575081658161e+02,1.662846208196192208e+02
5.000000000000000000e-01,4.332119366616841489e+02,4.942820269330760539e+02,1.743468165368118719e+02,1.440667426207588164e+02
5.066666666666667096e-01,3.969345939134082073e+02,6.912757054755860509e+02,1.551035423770056809e+02,1.601430949132713408e+02
5.133333333333334192e-01,4.021851726085862424e+02,4.890130586468690694e+02,1.679433843073588832e+02,1.804017453581390100e+02
5.200000000000000178e-01,4.159072818113022549e+02,4.564824345059997768e+02,1.402533791715164853e+02,1.711326832213508737e+02
5.266666666666667274e-01,3.270160128124168750e+02,7.386154778327738768e+02,1.795017525721268328e+02,1.405198272470125289e+02
5.333333333333333259e-01,4.008340081338618575e+02,4.902342204965135579e+02,1.380760814820908422e+02,1.475294663057011633e+02
5.400000000000000355e-01,3.293078150033318252e+02,4.668355758882815962e+02,1.416658439448134459e+02,1.521854541573871984e+02
5.466666666666667451e-01,4.581804358236162216e+02,5.727680769324456378e+02,1.534796230603678850e+02,1.362253470753672104e+02
5.533333333333333437e-01,3.109127201103639777e+02,5.155472756962268477e+02,1.904713685483219194e+02,1.444998342710964323e+02
5.600000000000000533e-01,4.229948435075048678e+02,5.676812167721997184e+02,2.098965692185313969e+02,1.675548645255221629e+02
5.666666666666666519e-01,3.936002108956016059e+02,5.067442743061844794e+02,1.528249530683452235e+02,1.315789696291167559e+02
5.733333333333333615e-01,3.516848495971973421e+02,7.050674434064820844e+02,1.469859886475145174e+02,1.594518600824724786e+02
5.800000000000000711e-01,3.832204105437133421e+02,5.019523474512414509e+02,1.979979040894727689e+02,1.296186790007896263e+02
5.866666666666666696e-01,3.143946224446716542e+02,4.564685685912425015e+02,1.256369732917911506e+02,1.479970556852082098e+02
5.933333333333333792e-01,3.951965876500252648e+02,6.547070103725458239e+02,1.257203203089200088e+02,1.113938938639629157e+02
6.000000000000000888e-01,3.489621510278259393e+02,4.262245114526164116e+02,1.603172874395277745e+02,1.204460881625938669e+02
6.066666666666666874e-01,3.021715222400270591e+02,5.054929591834293205e+02,1.416265802269681728e+02,1.736675758211969480e+02
6.133333333333333970e-01,2.490098678280666036e+02,4.984266040341356074e+02,1.986092487658793004e+02,1.703963083146477402e+02
6.199999999999999956e-01,2.608855925413413388e+02,5.292601634060176821e+02,1.228827332749625896e+02,1.081160916029904229e+02
6.266666666666667052e-01,4.560383847435770690e+02,6.034764557327167722e+02,1.260358974072593981e+02,1.316229256547715352e+02
6.333333333333334147e-01,3.191635997832581779e+02,4.218102926953289398e+02,1.327638561175937184e+02,1.442874111774490871e+02
6.400000000000000133e-01,3.728030322063155495e+02,4.212419398562835227e+02,1.394766531146856607e+02,1.350158512812155323e+02
6.466666666666667229e-01,3.280471226611389852e+02,4.300755383612769833e+02,1.525564729931860768e+02,1.375293948397408030e+02
6.533333333333333215e-01,2.197986644022202825e+02,4.320334466099108113e+02,1.399004571098857923e+02,1.173093988569212200e+02
6.600000000000000311e-01,2.619220045839340969e+02,5.122946597493943273e+02,1.687073505798759072e+02,1.151860844622173943e+02
6.666666666666667407e-01,2.595255185777622842e+02,5.634576796219392918e+02,1.431185236604014506e+02,1.285720575970827895e+02
6.733333333333333393e-01,2.570321793251962390e+02,4.890139287444008573e+02,1.098340391364469042e+02,1.150466641601481967e+02
6.800000000000000488e-01,3.173431146871610053e+02,4.374483290451056519e+02,1.298116233799416079e+02,1.441491309279544737e+02
6.866666666666667584e-01,4.285971539408232047e+02,3.805970387262505596e+02,1.131103676024845868e+02,1.348941665327775752e+02
6.933333333333333570e-01,2.627901393660732197e+02,3.842069526220046214e+02,1.441892066852738878e+02,1.336192840663667596e+02
7.000000000000000666e-01,2.432446005488749847e+02,5.408228367631613764e+02,1.776228346450855042e+02,1.339217283495278537e+02
7.066666666666666652e-01,2.670596472852095644e+02,4.591167862997074849e+02,1.339183012113028326e+02,1.185732464201911398e+02
7.133333333333333748e-01,2.263513804943638945e+02,5.813221900495125283e+02,1.548410592106068293e+02,1.506800468870152372e+02
7.200000000000000844e-01,2.817859143081369098e+02,4.458406370871926470e+02,1.384104463816594546e+02,1.184801341951380778e+02
7.266666666666666829e-01,2.375446012013337338e+02,5.236188999155343708e+02,1.286890200036474994e+02,9.077907882612532831e+01
7.333333333333333925e-01,3.220311682201253802e+02,3.819554487848579356e+02,1.335360929113321617e+02,1.459155117868433820e+02
7.400000000000001021e-01,2.986007961353241171e+02,4.261617534704419086e+02,1.188165925695827525e+02,1.171378854763184165e+02
7.466666666666667007e-01,2.252403928224981371e+02,4.599345264741756978e+02,1.412231905340599099e+02,1.432148296574710855e+02
7.533333333333334103e-01,2.467247010141244914e+02,4.465751232272581888e+02,1.601145476616279950e+02,9.966364351528800114e+01
7.600000000000000089e-01,2.363215325425809112e+02,4.841287301376694359e+02,1.379910222979260368e+02,1.739108947759126806e+02
7.666666666666667185e-01,2.556835310486446247e+02,5.074505256297999267e+02,1.543259775340364399e+02,1.357244664188619083e+02
7.733333333333334281e-01,2.429715008950309709e+02,4.048136832754559009e+02,1.238506948255294304e+02,1.018801262958356091e+02
7.800000000000000266e-01,2.918071005682276109e+02,4.077530857330726235e+02,1.266892345415900678e+02,1.189063106130391816e+02
7.866666666666667362e-01,2.642222390816436359e+02,3.679072427797644878e+02,1.399901828743890633e+02,1.470133147353884908e+02
7.933333333333333348e-01,2.380104662864155785e+02,4.101883301150056695e+02,1.829314173121782972e+02,1.218851406615508211e+02
8.000000000000000444e-01,2.550916581313885843e+02,5.003649313989517395e+02,1.041899785571995238e+02,1.026859074292179486e+02
8.066666666666667540e-01,1.887213755955315548e+02,4.291721445707449334e+02,1.140693063158831961e+02,1.407619307174115022e+02
8.133333333333333526e-01,2.482858233961317183e+02,4.308555125512892232e+02,1.054736456184311493e+02,1.200250102942915760e+02
8.200000000000000622e-01,2.029903822871505668e+02,3.725569859438391518e+02,1.027493116312418948e+02,1.108827912275914258e+02
8.266666666666667718e-01,2.808479066133591573e+02,4.153529975497469877e+02,1.185897532276657387e+02,1.321758020120975914e+02
8.333333333333333703e-01,2.257820981285055950e+02,3.577395244189792152e+02,1.375406098353483912e+02,1.258313418215039405e+02
8.400000000000000799e-01,2.252259709358067710e+02,3.756233294732228956e+02,1.495242759305242544e+02,1.062827274766074197e+02
8.466666666666666785e-01,3.022203112654358961e+02,4.761118366842959517e+02,1.474388728528351749e+02,1.051705897205316660e+02
8.533333333333333881e-01,2.070978189406171452e+02,3.183766281916769572e+02,1.498779823918566194e+02,1.009881017947854360e+02
8.600000000000000977e-01,2.096629216583402524e+02,3.102611003528666629e+02,1.242835572695051098e+02,1.043500694637191941e+02
8.666666666666666963e-01,1.978491511238343037e+02,2.445157979309847462e+02,1.506674587237694141e+02,7.422094909338261459e+01
8.733333333333334059e-01,2.092862494436639906e+02,4.331280650428139438e+02,1.432799940059165067e+02,9.536112828178622181e+01
8.800000000000000044e-01,1.976413158326277255e+02,3.400842113718092037e+02,1.241325949353306726e+02,1.302639246743788703e+02
8.866666666666667140e-01,2.210625023991345302e+02,2.897597322179241246e+02,9.613210876635261570e+01,1.153898869777694074e+02
8.933333333333334236e-01,2.112958141698605630e+02,3.806247375436024072e+02,1.395571134039191747e+02,1.096089132560060619e+02
9.000000000000000222e-01,1.847441219032359925e+02,2.933657214596692029e+02,1.197166225717727031e+02,8.858612798676591638e+01
9.066666666666667318e-01,2.076378609088942824e+02,3.406667047249032976e+02,1.045950129874311756e+02,9.149709813312547624e+01
9.133333333333334414e-01,2.057586631442100042e+02,2.837231394095636006e+02,1.446388410211240796e+02,7.648677180959320765e+01
9.200000000000000400e-01,2.263567173215033961e+02,3.434100826608889179e+02,1.232537515943648714e+02,6.957104739827018136e+01
9.266666666666667496e-01,2.013330514013123604e+02,3.679213588634088978e+02,1.219311411673864143e+02,9.282873928262490892e+01
9.333333333333333481e-01,1.991290941041508233e+02,2.429224359603812786e+02,1.347789256443403758e+02,1.079911556851531884e+02
9.400000000000000577e-01,1.808027879833179838e+02,2.919792178370401530e+02,1.281336174096349225e+02,9.651578779510521144e+01
9.466666666666667673e-01,2.107852038027043875e+02,3.503921322399032192e+02,1.177930563072993095e+02,9.264364970133672728e+01
9.533333333333333659e-01,1.963084816153321128e+02,3.068634802753122699e+02,1.239231881481463091e+02,9.493206024843379964e+01
9.600000000000000755e-01,1.927903647490191190e+02,2.527711144958635714e+02,1.446075962578560166e+02,9.790200850350116468e+01
9.666666666666666741e-01,1.689354880459755464e+02,3.184964077320848332e+02,1.461057427811478817e+02,1.099718553262290612e+02
9.733333333333333837e-01,1.829379621037128913e+02,2.970032275139021181e+02,1.337694025506210664e+02,9.727721297468087869e+01
9.800000000000000933e-01,2.027018305133774732e+02,2.858178708768506340e+02,1.233889264611869123e+02,9.482892134760234626e+01
9.866666666666666918e-01,2.220190378785548830e+02,3.915470753069869261e+02,1.349311097222798708e+02,1.029623725836709838e+02
9.933333333333334014e-01,2.017037140385071439e+02,2.607305483155066099e+02,9.777780785849792267e+01,1.113214013214918907e+02
1.000000000000000000e+00,1.920362760249274459e+02,4.201986072063658639e+02,1.222832901837267343e+02,8.765098021622199553e+01
1.006666666666666821e+00,1.942290436867921812e+02,3.309595612818691848e+02,9.971945097807905256e+01,9.508955190093293197e+01
1.013333333333333419e+00,1.440131447897115606e+02,3.331493133351734741e+02,1.459710749297660186e+02,7.738055470834154903e+01
1.020000000000000018e+00,1.490573106004641204e+02,3.002289565451064277e+02,1.464230962683298003e+02,8.210127846522647133e+01
1.026666666666666838e+00,1.632446037115924184e+02,2.508389417232705227e+02,1.112477121931189856e+02,8.477173791036803152e+01
1.033333333333333437e+00,1.400116157587896453e+02,3.037465626526069968e+02,1.009932541754090778e+02,1.159047182827916203e+02
1.040000000000000036e+00,1.888423926166993851e+02,3.006075588700403500e+02,1.061996217557706217e+02,9.295275451379450260e+01
1.046666666666666634e+00,1.709983881432862916e+02,3.220910948693636442e+02,1.245124948120848529e+02,8.420661574238141611e+01
1.053333333333333455e+00,1.533115889973909702e+02,2.108750363916730635e+02,1.041808168589543442e+02,7.435296144881013447e+01
1.060000000000000053e+00,1.582527119095294097e+02,2.440229902773600372e+02,1.191937788551190778e+02,8.279653490706479602e+01
1.066666666666666652e+00,1.994854002670884370e+02,2.377622925141296264e+02,9.274400302605455693e+01,8.158255694233551480e+01
1.073333333333333472e+00,1.561174472549735128e+02,3.143639019804946884e+02,1.339935602605826261e+02,7.685401479589059193e+01
1.080000000000000071e+00,1.593741058440051575e+02,2.608387759420318162e+02,1.362153704714600622e+02,7.449872280551613812e+01
1.086666666666666670e+00,1.226482645402675615e+02,2.811783021749477598e+02,1.265159245349946957e+02,7.842224742839331952e+01
1.093333333333333490e+00,1.309969610321154221e+02,3.119551362698975367e+02,1.042275816688321015e+02,8.554389697270404724e+01
1.100000000000000089e+00,1.286155753720285304e+02,2.707344656888159307e+02,1.247624412416485598e+02,8.152436252741277656e+01
1.106666666666666687e+00,1.321410870251505116e+02,2.206356842616287395e+02,1.074706372400749785e+02,8.028221023079824192e+01
1.113333333333333508e+00,1.060445096772861717e+02,3.277135098394008423e+02,1.406653142096119780e+02,7.643966502299578281e+01
1.120000000000000107e+00,1.432313557532708899e+02,2.816802565828730849e+02,1.315073890302552400e+02,7.486863013585116278e+01
1.126666666666666705e+00,1.208771597673785578e+02,2.014677672046511532e+02,1.070805783173298380e+02,5.993727149487653350e+01
1.133333333333333304e+00,1.963372157433196321e+02,3.157597936057327956e+02,1.140753164363601968e+02,7.113339987221101524e+01
1.140000000000000124e+00,1.356671742650236467e+02,2.107610440133793190e+02,1.061076882838220001e+02,6.244502191262189683e+01
1.146666666666666723e+00,1.403242400968672143e+02,3.399241056118995061e+02,9.179517971790447461e+01,5.933549506345680413e+01
1.153333333333333321e+00,1.412333352708585892e+02,2.516448938481436812e+02,9.529332161466146545e+01,7.992805197781825655e+01
1.160000000000000142e+00,1.354240787067907945e+02,1.885740210026170303e+02,7.380469436097956759e+01,6.511797160109516369e+01
1.166666666666666741e+00,1.204176656352718595e+02,2.117026044508019993e+02,8.797782189650654061e+01,6.927221027741923365e+01
1.173333333333333339e+00,1.364682172867055385e+02,2.641517042231353116e+02,7.672959604710980841e+01,6.748742349241719296e+01
1.180000000000000160e+00,1.427601861238827610e+02,2.497416712522755518e+02,9.315823595152237147e+01,7.374997401171381739e+01
1.186666666666666758e+00,9.235660431401751680e+01,2.253140407896900683e+02,9.607980188484212647e+01,6.909993331014545959e+01
1.193333333333333357e+00,9.433429714599326132e+01,2.802564603334359958e+02,7.976911432168256511e+01,7.368835408993147951e+01
1.200000000000000178e+00,1.031656715626936176e+02,2.753360376188862233e+02,1.225709914338893469e+02,8.858065685970485958e+01
1.206666666666666776e+00,1.359049185431283036e+02,3.046488940584007992e+02,8.432045479405609001e+01,6.629710899644784661e+01
1.213333333333333375e+00,1.021333265353258923e+02,2.892764371859079802e+02,1.061810002930759538e+02,7.819510589251264321e+01
1.219999999999999973e+00,1.118079908188745293e+02,2.290463601319685267e+02,9.656350306811094697e+01,7.021807133262198874e+01
1.226666666666666794e+00,1.052840531854750026e+02,2.261417633840138990e+02,6.846376532792768899e+01,5.235140731877633868e+01
1.233333333333333393e+00,1.054005642762388533e+02,1.832471735138418296e+02,9.002057863058269049e+01,6.958865403072310585e+01
1.239999999999999991e+00,1.252721813566999458e+02,2.539062132049139109e+02,1.137223066596820047e+02,5.317572268371699806e+01
1.246666666666666812e+00,1.119183544757027278e+02,2.248476643241710633e+02,9.191480244101580865e+01,8.075869368106521051e+01
1.253333333333333410e+00,1.033800668658621618e+02,1.976059269414956248e+02,8.788365295336713245e+01,4.474442425439118409e+01
1.260000000000000009e+00,1.260866241749436654e+02,2.475908926074673957e+02,9.654139392701229383e+01,5.358893446413377148e+01
1.266666666666666829e+00,1.163667739859815242e+02,2.215478289341722586e+02,1.082323396278147243e+02,4.742651935952031295e+01
1.273333333333333428e+00,1.265106802432461848e+02,2.083725889573683219e+02,8.335149985232337144e+01,6.338470258578434624e+01
1.280000000000000027e+00,9.741166154077154715e+01,2.516177680910227537e+02,1.070853934044497748e+02,5.573720495363993876e+01
1.286666666666666847e+00,1.093826680689061561e+02,2.325522618463390927e+02,1.016089521870406713e+02,4.792578723524483308e+01
1.293333333333333446e+00,1.048848835833331066e+02,2.467806105060591619e+02,8.623524672211577524e+01,6.815085859975856408e+01
1.300000000000000044e+00,1.030880474537211029e+02,1.517443202743913844e+02,8.110214435762893004e+01,4.431064214880232299e+01
1.306666666666666643e+00,1.007211131138025024e+02,1.530196889096746418e+02,9.989009882376134897e+01,5.083072120743092626e+01
1.313333333333333464e+00,1.228921160296008139e+02,2.020459463041083552e+02,1.268009026589200801e+02,5.227125912689028553e+01
1.320000000000000062e+00,8.825168685969264004e+01,2.164888747074536752e+02,7.092287995013093393e+01,4.725013485141113279e+01
1.326666666666666661e+00,1.025527256419695874e+02,1.911740450533781654e+02,5.833623467495386450e+01,5.415213242277130945e+01
1.333333333333333481e+00,8.989294719362894170e+01,2.002924550835016078e+02,9.843557287352577134e+01,4.868749385029858701e+01
1.340000000000000080e+00,1.001937306737715403e+02,1.728416609734028668e+02,1.020009835123112083e+02,5.999589954453450957e+01
1.346666666666666679e+00,9.611214712687052497e+01,2.000569016069781867e+02,8.562552077177372212e+01,4.064459011321770987e+01
1.353333333333333499e+00,9.082901991041337908e+01,1.588692377509759126e+02,8.879517512196613893e+01,4.600003208638462837e+01
1.360000000000000098e+00,1.017718768678870305e+02,1.413402833802744283e+02,7.564922767969206063e+01,5.482163158478481080e+01
1.366666666666666696e+00,8.831690301698299095e+01,1.661546647778723411e+02,6.740696594286579568e+01,6.120933717146824193e+01
1.373333333333333517e+00,8.576307984815169050e+01,2.026302867143261324e+02,7.777157101009154871e+01,4.805437170037087213e+01
1.380000000000000115e+00,7.320976307577792852e+01,2.148762831833698215e+02,7.115662609163841523e+01,4.272209825699603414e+01
1.386666666666666714e+00,9.646319101289506648e+01,1.462088889555491278e+02,7.617639044757720512e+01,4.497863315403757412e+01
1.393333333333333313e+00,9.210927382889585147e+01,1.790568565902531759e+02,6.733047015776749333e+01,4.954434981133096016e+01
1.400000000000000133e+00,1.024513784549431534e+02,1.641125749102125724e+02,7.356453999817611589e+01,4.191693026002106137e+01
1.406666666666666732e+00,9.811826846907227662e+01,1.584039125472980629e+02,8.032871034292467982e+01,5.333425211437561586e+01
1.413333333333333330e+00,7.958705319361637009e+01,1.616141032631444716e+02,6.964141391058936392e+01,3.969899674158855163e+01
1.420000000000000151e+00,7.783759692925090690e+01,1.703992228145492902e+02,9.347043252407669911e+01,4.208437880622994953e+01
1.426666666666666750e+00,9.197481351045040299e+01,1.178640129900486357e+02,7.132823048235488272e+01,5.111414053906742794e+01
1.433333333333333348e+00,8.210772619154103324e+01,1.476789585809206073e+02,9.200615356845757731e+01,4.639543962626522955e+01
1.440000000000000169e+00,7.425300583096232288e+01,1.717758192174271699e+02,6.120738385771806378e+01,4.901215572606108850e+01
1.446666666666666767e+00,7.556426549936072945e+01,1.464838042276733177e+02,9.056616173074668552e+01,4.635690220244133286e+01
1.453333333333333366e+00,8.586976141164628018e+01,1.353182478883275621e+02,7.096028542838145370e+01,4.349800719941634242e+01
1.460000000000000187e+00,8.557402591579105433e+01,1.608493877957430698e+02,6.808078068866082333e+01,4.406115381678422693e+01
1.466666666666666785e+00,5.562993636484308979e+01,1.406495318913015922e+02,6.460589279547981789e+01,4.666348550709587784e+01
1.473333333333333384e+00,8.351386909646265622e+01,1.388143399444319073e+02,6.456701417674732113e+01,3.781129186438376877e+01
1.480000000000000204e+00,6.974072289999047314e+01,1.564439648889610055e+02,6.342721401216512334e+01,4.371026669965065992e+01
1.486666666666666803e+00,8.368261191264637944e+01,1.225024746771034501e+02,7.354118386436914534e+01,3.657582404023303724e+01
1.493333333333333401e+00,7.109643110592112691e+01,1.621354499867829588e+02,6.065667950534911768e+01,4.268192934980357478e+01
1.500000000000000000e+00,6.715306365840160652e+01,1.405546942669213877e+02,6.436591262900691390e+01,4.006636193228916909e+01
1.506666666666666821e+00,6.639206308725282213e+01,1.538497203630498689e+02,6.577119299698397015e+01,3.753129714296434827e+01
1.513333333333333419e+00,7.135000321882748153e+01,1.155497521258940452e+02,6.147794824202404129e+01,3.800285465172724031e+01
1.520000000000000018e+00,6.701192610312421039e+01,1.250044723691676580e+02,6.545233630092032229e+01,3.579271176088375483e+01
1.526666666666666838e+00,6.657270165343966539e+01,1.350090624161572350e+02,6.334800940471695441e+01,4.768512485782296295e+01
1.533333333333333437e+00,5.846597635450958563e+01,1.366972903096469452e+02,6.341620937076434927e+01,3.003609295282275582e+01
1.540000000000000036e+00,5.879468776010802600e+01,1.338243204899024477e+02,4.932744631542487923e+01,3.529326187404517867e+01
1.546666666666666856e+00,5.758862356289206730e+01,1.378672234065207931e+02,5.616229411567702812e+01,3.447123831696119822e+01
1.553333333333333455e+00,7.876861953419214046e+01,1.377798505293683604e+02,6.454024879935440140e+01,2.792009950025882858e+01
1.560000000000000053e+00,8.175626879938454294e+01,1.008529894299916521e+02,7.379608554660401865e+01,3.403819311333779041e+01
1.566666666666666874e+00,6.063948155820814634e+01,1.460918632751410371e+02,5.949424508256129940e+01,3.222885692862706009e+01
1.573333333333333472e+00,6.435721707417597770e+01,1.298306228609516495e+02,5.371732758030647403e+01,3.420751715040654517e+01
1.580000000000000071e+00,6.541319509898373497e+01,8.532789507794818462e+01,7.265450632376443707e+01,3.504878616149281356e+01
1.586666666666666670e+00,5.877880669672959613e+01,9.910103317110234400e+01,6.808702877087588945e+01,3.231307828998614440e+01
1.593333333333333490e+00,7.402064748681873141e+01,9.371969124046361799e+01,5.415039019726754788e+01,3.284005368920418277e+01
1.600000000000000089e+00,6.800124243291030268e+01,1.429889737809351402e+02,5.477089783524577626e+01,2.461390696524097521e+01
1.606666666666666687e+00,6.980157584163224271e+01,1.372262500998018311e+02,4.956731203470029357e+01,3.280559433620715737e+01
1.613333333333333508e+00,6.587771984533756608e+01,1.234474081488979920e+02,5.942774317906335568e+01,2.787611963463591991e+01
1.620000000000000107e+00,5.799051026360383787e+01,9.082827586764578598e+01,6.370623758874809539e+01,3.145349017156798865e+01
1.626666666666666705e+00,5.407787194303057277e+01,1.117280119594850589e+02,5.472337433897461523e+01,3.358081743399275609e+01
1.633333333333333526e+00,5.224127267434685962e+01,9.080787049363591734e+01,5.289860071885490811e+01,2.532999676931241240e+01
1.640000000000000124e+00,4.528726187223278288e+01,9.524074803732318628e+01,6.259807275639850843e+01,3.567715043830538946e+01
1.646666666666666723e+00,5.373677143174077742e+01,1.061824980461377095e+02,4.927687798964421262e+01,2.659038046327527383e+01
1.653333333333333544e+00,7.086136303019991090e+01,1.113636901810340447e+02,5.162262855254129335e+01,3.124347694159385114e+01
1.660000000000000142e+00,4.548178217910750476e+01,1.004593120784465867e+02,4.126704941418056194e+01,2.927921822765330262e+01
1.666666666666666741e+00,3.961685316815881208e+01,1.178361088038493421e+02,4.533010407885350190e+01,2.862821822087773782e+01
1.673333333333333339e+00,5.376192956674739065e+01,9.932314079464389067e+01,5.752433022559525000e+01,2.412112625697136536e+01
1.680000000000000160e+00,6.241983108610616426e+01,8.275738466282059846e+01,5.169206919379540466e+01,2.453727772011680131e+01
1.686666666666666758e+00,4.604254392975828836e+01,7.570508414167639444e+01,5.296002694559135193e+01,2.354355687693230692e+01
1.693333333333333357e+00,4.841049047304734643e+01,9.450651210330062213e+01,4.913813560117775836e+01,3.072388035101897685e+01
1.700000000000000178e+00,3.992991741539758266e+01,6.159759435827074014e+01,4.784547352539006937e+01,2.964234542401774775e+01
1.706666666666666776e+00,5.032890891672852263e+01,1.255894369462821771e+02,4.596579391888589328e+01,2.883571587849439055e+01
1.713333333333333375e+00,4.665854785808857486e+01,9.046480557122993105e+01,4.482286916157974588e+01,2.217126964281087709e+01
1.720000000000000195e+00,4.872430843614439766e+01,1.003959162107896645e+02,4.479156489222272342e+01,2.843815444396381764e+01
1.726666666666666794e+00,3.764842522022042459e+01,6.730606753262922837e+01,5.214382188273324203e+01,2.822387486794255196e+01
1.733333333333333393e+00,4.855154120918166427e+01,7.279224802345527223e+01,4.504472481361950287e+01,2.948857465782683818e+01
1.740000000000000213e+00,3.903195941608527164e+01,7.929290212257077997e+01,4.590183076625947933e+01,2.722773776420915226e+01
1.746666666666666812e+00,4.607790682413500605e+01,7.204763378643295368e+01,4.426163492376805664e+01,2.409745278607739394e+01
1.753333333333333410e+00,4.512425583019511066e+01,8.062328033321354326e+01,4.455697296565391952e+01,2.681186307385638656e+01
1.760000000000000009e+00,3.651820262382720017e+01,7.030360021536881732e+01,4.396440078102217086e+01,2.695927660561657291e+01
1.766666666666666829e+00,5.324440223548290874e+01,9.234929240367320347e+01,4.882627593983541203e+01,2.075394896042367421e+01
1.773333333333333428e+00,3.709209516393710260e+01,8.966618444553833456e+01,3.853018150678933296e+01,2.513488791329620753e+01
1.780000000000000027e+00,4.340635644178726693e+01,1.052460301338595912e+02,3.823294631892115802e+01,2.218216168361313834e+01
1.786666666666666847e+00,3.706869806210720952e+01,8.802986110156221855e+01,3.706701347973523042e+01,2.061733976338638641e+01
1.793333333333333446e+00,4.275816122110493467e+01,6.183706213121482165e+01,4.042491629722906765e+01,2.732528185052613168e+01
1.800000000000000044e+00,4.729779411784346621e+01,7.087243522854038247e+01,4.715302902986491063e+01,2.548869609180799145e+01
1.806666666666666865e+00,4.427820427496678235e+01,5.616731974374039282e+01,4.167852265102391840e+01,1.732498985427514882e+01
1.813333333333333464e+00,3.539568442829803985e+01,7.863384577096115891e+01,3.295427186755427584e+01,1.779520588804791714e+01
1.820000000000000062e+00,3.354861093635642533e+01,6.960902941525904453e+01,3.190200700294989034e+01,1.769304076861046582e+01
1.826666666666666883e+00,4.859814771076944595e+01,6.000215333603207313e+01,3.806585178565035221e+01,2.557495570650980454e+01
1.833333333333333481e+00,2.899308853785403883e+01,8.942891394379947201e+01,3.173180845306169218e+01,2.059639595621456110e+01
1.840000000000000080e+00,3.718791801279348874e+01,5.804397084869506784e+01,3.213286623815771748e+01,1.439353968103984371e+01
1.846666666666666679e+00,3.450718862455420322e+01,5.996662924889955804e+01,4.214332087894532464e+01,2.656897383325419426e+01
1.853333333333333499e+00,3.157999453616739771e+01,7.870726084786890908e+01,2.903379660720485589e+01,1.841209425988860460e+01
1.860000000000000098e+00,3.847629278668669173e+01,4.968023596471412162e+01,2.954236833129829165e+01,1.927389391257076667e+01
1.866666666666666696e+00,4.380814815385964778e+01,6.707307409615657434e+01,3.319158510494821712e+01,2.598068216989276991e+01
1.873333333333333517e+00,3.171338281774816537e+01,7.892788506483182687e+01,3.510351830349814151e+01,1.727997705007024365e+01
1.880000000000000115e+00,3.806262756444852613e+01,6.459366888422994180e+01,4.020832451343780178e+01,1.570637158724033888e+01
1.886666666666666714e+00,3.417992640479116062e+01,3.868786422560199867e+01,2.651282457325933706e+01,1.359278917449344171e+01
1.893333333333333535e+00,4.043355262671474293e+01,5.122413255831325785e+01,4.090187522810525422e+01,1.745951644537561975e+01
1.900000000000000133e+00,3.171269957349584701e+01,4.153819900875439686e+01,2.720248945541703378e+01,1.902527177266986413e+01
1.906666666666666732e+00,2.786124918029021913e+01,5.328759799586923407e+01,3.249643684923886156e+01,2.091499387874557669e+01
1.913333333333333552e+00,3.168051025632199469e+01,4.030055662905586900e+01,2.781379908684182567e+01,1.523117415681075570e+01
1.920000000000000151e+00,2.613337696393420018e+01,5.619097039927851966e+01,3.030159811314280915e+01,1.919336742393974404e+01
1.926666666666666750e+00,3.370046674459779013e+01,5.164839494854611246e+01,3.332567358798463175e+01,1.601525237707457805e+01
1.933333333333333348e+00,3.269929928895054871e+01,5.395196491699255859e+01,2.624649186987288019e+01,2.056491767214595612e+01
1.940000000000000169e+00,2.986226157559662653e+01,5.310450352063686807e+01,3.135834347718110138e+01,1.798471464110789597e+01
1.946666666666666767e+00,3.023108915893633508e+01,5.466561835954699689e+01,3.017834299793835484e+01,1.633840665867251118e+01
1.953333333333333366e+00,3.217807765786391627e+01,5.451085346113573138e+01,3.416497687645907888e+01,1.371188693370058864e+01
1.960000000000000187e+00,2.711634209729412959e+01,3.635754486119510887e+01,2.414729140178284439e+01,1.702529530236821387e+01
1.966666666666666785e+00,3.003830312877525088e+01,4.797017201450677248e+01,2.634260301084255573e+01,1.880037210045705365e+01
1.973333333333333384e+00,2.731597703128625554e+01,3.598305513064217820e+01,2.624858477253295064e+01,1.510268259379145306e+01
1.980000000000000204e+00,2.910769483252827783e+01,4.153028062740877857e+01,3.088272731339073474e+01,1.412715506208536276e+01
1.986666666666666803e+00,2.612593823778860980e+01,4.403633900986327632e+01,2.982082686513476588e+01,1.271742146512793958e+01
1.993333333333333401e+00,2.477576036530724934e+01,5.083158605217590065e+01,2.467488830777029563e+01,1.399009728108918615e+01
2.000000000000000000e+00,2.364870631316219729e+01,5.142699377740213151e+01,2.236822427670641034e+01,1.412803598040865261e+01
2.006666666666666821e+00,2.561089786388719247e+01,3.703239962518122042e+01,3.335037199944052588e+01,1.568399586514852473e+01
2.013333333333333641e+00,2.188827823030711883e+01,3.933737848246871494e+01,2.628719174957831939e+01,1.305342597759584322e+01
2.020000000000000018e+00,3.007560294014937341e+01,3.941662856189164188e+01,2.070448181382595365e+01,1.197245454840709833e+01
2.026666666666666838e+00,2.317213452543835928e+01,4.528056454328274327e+01,2.741886574247782349e+01,1.476895963959608515e+01
2.033333333333333659e+00,2.146205185804670634e+01,3.258697892949970054e+01,2.427174730078351672e+01,1.018710815276641846e+01
2.040000000000000036e+00,2.583351079784967652e+01,3.901544614356768648e+01,2.954112803282838229e+01,1.695767871129199378e+01
2.046666666666666856e+00,2.551071319366592505e+01,4.756449432063560323e+01,2.297551437181379086e+01,1.399697467844922194e+01
2.053333333333333677e+00,2.230769688470554613e+01,4.595234341222747076e+01,2.692252193350244127e+01,1.188280613259196095e+01
2.060000000000000053e+00,1.910789928746337907e+01,3.096118251102995700e+01,2.246901428574899029e+01,1.411999308703520484e+01
2.066666666666666874e+00,2.323815164452065574e+01,3.366383225368424092e+01,2.044509761199322284e+01,1.130862759510100801e+01
2.073333333333333250e+00,2.142988383855261603e+01,2.904096325344398011e+01,2.392320214133453149e+01,1.251667832354801924e+01
2.080000000000000071e+00,2.456056533208862191e+01,3.241166960796076779e+01,2.055450072001836048e+01,9.581588869330699865e+00
2.086666666666666892e+00,2.493578321825296484e+01,3.755412881850343609e+01,2.367596352150022199e+01,9.058262615786913940e+00
2.093333333333333268e+00,1.876523065993152173e+01,3.353352465741802035e+01,2.056962370507918436e+01,1.043105661476833568e+01
2.100000000000000089e+00,2.253946054081203343e+01,3.739674925050786669e+01,2.194238547590654420e+01,1.259672330182098854e+01
2.106666666666666909e+00,2.272282094793914453e+01,2.811466766504101145e+01,2.263460070357019305e+01,1.057354213265838538e+01
2.113333333333333286e+00,2.213629375268610033e+01,3.084175183005736542e+01,1.783917248722154980e+01,1.141352213010312333e+01
2.120000000000000107e+00,1.643853026181932364e+01,3.224260791775758150e+01,2.060227471009602596e+01,1.158667950297538773e+01
2.126666666666666927e+00,1.937309531576383037e+01,2.604989592807819676e+01,2.011654722921200644e+01,9.116010579309499207e+00
2.133333333333333304e+00,1.835518266350042893e+01,3.429999321143264268e+01,1.765424101083140229e+01,7.318604171091855015e+00
2.140000000000000124e+00,1.916013657407854609e+01,3.426844848873400906e+01,1.798107879824888045e+01,1.024498109738925855e+01
2.146666666666666945e+00,1.792112043318327963e+01,2.729254264927009999e+01,1.896807203701538569e+01,1.342267784364812755e+01
2.153333333333333321e+00,2.219712381677820900e+01,2.854061240070336680e+01,1.863744944618564148e+01,8.208781370834119073e+00
2.160000000000000142e+00,1.824000382505021278e+01,3.244167986994788322e+01,1.887518405843696101e+01,9.870704635937302740e+00
2.166666666666666963e+00,2.118752928332104801e+01,2.287260275918104924e+01,1.845005373222292278e+01,1.054873168365774383e+01
2.173333333333333339e+00,2.039642728934268234e+01,2.718337280843307369e+01,2.158390298784008365e+01,9.037386245856867006e+00
2.180000000000000160e+00,1.867563920433907043e+01,3.113922044354276508e+01,1.681419183087442448e+01,8.893765058053554995e+00
2.186666666666666980e+00,1.985487022007479752e+01,2.958245857827684944e+01,1.719230265281509418e+01,9.740707307757954680e+00
2.193333333333333357e+00,1.636808465203129970e+01,2.629244424871728114e+01,2.013249902839496741e+01,9.279775011089423487e+00
2.200000000000000178e+00,1.354745488178077473e+01,2.277802335114138543e+01,1.784470923736041925e+01,8.401915581071850880e+00
2.206666666666666998e+00,1.844166444503926883e+01,1.759057532302086457e+01,1.899516472261236899e+01,8.683947605357388966e+00
2.213333333333333375e+00,1.222820216887113531e+01,2.533397106729729487e+01,1.658920382761210632e+01,9.538404154607441399e+00
2.220000000000000195e+00,1.519516695704144027e+01,2.172228253966663658e+01,1.573602877827443258e+01,8.660116137637851708e+00
2.226666666666667016e+00,1.651977772959995860e+01,2.046722183820760677e+01,1.568539362484409594e+01,9.161106580513866504e+00
2.233333333333333393e+00,1.433274843808820265e+01,3.545006701078645506e+01,1.755264329581239835e+01,6.873845692694941611e+00
2.240000000000000213e+00,2.257114980913444313e+01,2.150141506023410898e+01,1.846105844932865736e+01,7.495935529725899826e+00
2.246666666666666590e+00,1.867308234734277406e+01,2.188102120429203623e+01,1.633856426760135605e+01,8.470311149547843144e+00
2.253333333333333410e+00,1.626915108536272214e+01,2.437684901920093594e+01,1.662172764714945217e+01,7.758667724491795425e+00
2.260000000000000231e+00,1.764886306681342276e+01,1.522359809841600509e+01,1.476242317246920877e+01,8.544957506943969605e+00
2.266666666666666607e+00,1.292844359815115851e+01,1.763208109213638508e+01,1.652446805863545976e+01,6.414670937876387313e+00
2.273333333333333428e+00,1.644061757555426695e+01,2.042557651422191256e+01,1.605088903964191260e+01,6.962630100661491461e+00
2.280000000000000249e+00,1.358536223694688161e+01,2.055188870487321040e+01,1.557646620877496701e+01,5.501222053542916157e+00
2.286666666666666625e+00,1.273788565918941273e+01,2.165988245322128947e+01,1.477176803879867073e+01,6.728946886790613036e+00
2.293333333333333446e+00,1.545827733592559561e+01,2.082611610789357925e+01,1.215359651799268192e+01,7.406800451514012451e+00
2.300000000000000266e+00,9.685180025250948788e+00,2.135827523948568896e+01,1.587914247022610326e+01,7.898437210787554008e+00
2.306666666666666643e+00,1.441652590481061225e+01,1.615690233384141550e+01,1.278692117834431841e+01,6.172382347475342534e+00
2.313333333333333464e+00,1.137847856568808425e+01,1.602178879781660115e+01,1.102351527989501889e+01,7.227001093648318886e+00
2.320000000000000284e+00,1.203855553754243601e+01,1.752930923569185140e+01,1.393977663388600696e+01,6.910113543274608361e+00
2.326666666666666661e+00,1.426414433338959498e+01,2.363371437934493002e+01,1.324265399273808796e+01,6.399771279464558482e+00
2.333333333333333481e+00,1.506906470386728714e+01,1.946896131308401223e+01,1.469392603893384219e+01,6.565925782854016290e+00
2.340000000000000302e+00,1.113226548885564426e+01,1.623653917435361294e+01,1.365844050815329247e+01,5.427292636484592592e+00
2.346666666666666679e+00,1.123931435724612271e+01,2.563423090756613476e+01,1.271764889415224964e+01,4.893475286900113019e+00
2.353333333333333499e+00,1.174759562597930440e+01,1.791372969149064787e+01,1.232649519853691800e+01,6.341508634445483850e+00
2.360000000000000320e+00,1.366990212899735369e+01,1.650690205657354781e+01,1.220433575213943556e+01,6.075004624019801902e+00
2.366666666666666696e+00,1.424541243953927605e+01,1.976252226210083407e+01,1.340711818844765979e+01,4.692973089106494911e+00
2.373333333333333517e+00,1.116182423344434405e+01,1.736494326082170403e+01,1.009509855164633052e+01,4.882901794909397353e+00
2.380000000000000338e+00,1.056105150738898857e+01,1.736620792524344736e+01,9.316420105797169171e+00,5.413241196352631235e+00
2.386666666666666714e+00,1.022856341555409188e+01,1.587635796378595998e+01,1.194871301234987193e+01,4.700404104832957231e+00
2.393333333333333535e+00,1.175477667766759460e+01,1.306340999583855833e+01,1.202301440481110539e+01,5.124004237627884706e+00
2.400000000000000355e+00,1.142943926630692353e+01,1.525778505696302290e+01,1.377628938272727943e+01,5.704117505089636886e+00
2.406666666666666732e+00,9.547848476336531220e+00,1.452723940985097073e+01,1.176968249208942296e+01,5.121517611867351327e+00
2.413333333333333552e+00,1.097854735909355739e+01,1.248489329937262049e+01,9.348298068602419519e+00,4.787324243296479764e+00
2.420000000000000373e+00,9.371015657357569140e+00,2.235598995791523791e+01,9.513406773682078210e+00,5.113503572041807388e+00
2.426666666666666750e+00,9.571012415461584766e+00,1.486188249301832087e+01,1.247768621270707712e+01,4.130911181781726782e+00
2.433333333333333570e+00,1.016271064797342305e+01,1.816577072696536987e+01,9.517549510227491183e+00,4.829724900087340345e+00
2.439999999999999947e+00,8.971877739531587181e+00,1.699878742576466806e+01,8.334529977590351635e+00,4.906164259458706489e+00
2.446666666666666767e+00,1.121032231855621930e+01,1.491003560205704837e+01,9.189324614707652827e+00,4.042938985804009455e+00
2.453333333333333588e+00,8.052114471963651710e+00,1.331654388712111192e+01,7.053207177852616638e+00,3.386041912456424274e+00
2.459999999999999964e+00,7.498223689373863188e+00,1.691682312976530866e+01,8.775099765456880974e+00,3.319420281121655769e+00
2.466666666666666785e+00,9.466757391619569972e+00,1.626058937516096137e+01,1.153265948663440987e+01,4.445196749399227265e+00
2.473333333333333606e+00,8.681817291496178868e+00,1.780744878940834042e+01,8.953776951123369798e+00,4.054781079420044065e+00
2.479999999999999982e+00,9.846156294771176931e+00,1.397488438280285195e+01,8.928045565806069561e+00,3.946456345537220134e+00
2.486666666666666803e+00,8.817269385847250618e+00,1.425933039973754823e+01,7.745493427286332278e+00,4.145345323228793788e+00
2.493333333333333623e+00,9.906483040624014080e+00,1.603622914520640919e+01,6.937564259030038372e+00,3.664431894522912181e+00
2.500000000000000000e+00,9.336349257495671239e+00,1.106191271300664170e+01,7.569159342112455668e+00,3.535454685515925899e+00
2.506666666666666821e+00,7.508648635688516038e+00,1.077210343488531130e+01,7.269609399579026743e+00,4.368793018387039595e+00
2.513333333333333641e+00,8.267114365163106271e+00,1.089745390356084620e+01,9.441695409128508132e+00,3.345167931752567103e+00
2.520000000000000018e+00,6.412240113242520856e+00,1.286788958205113431e+01,7.661717513086133025e+00,3.733632548736391943e+00
2.526666666666666838e+00,8.351969057975233923e+00,1.701705989630284677e+01,8.010695847656391422e+00,3.165347268401970116e+00
2.533333333333333659e+00,9.496377944137631033e+00,1.049247384982581544e+01,8.642553437413662110e+00,3.243726755616985979e+00
2.540000000000000036e+00,7.857521117676339983e+00,1.154416655533140812e+01,7.345186696895083855e+00,3.244618545098000517e+00
2.546666666666666856e+00,7.494318190671886981e+00,9.994268018584220314e+00,6.587208342867902466e+00,3.083655848716359671e+00
2.553333333333333677e+00,6.522635010835746705e+00,1.395178906712136246e+01,8.564676373456812541e+00,3.261760796291079068e+00
2.560000000000000053e+00,8.833595311934928418e+00,1.346899242961924337e+01,7.512821332889346948e+00,3.071003841755706620e+00
2.566666666666666874e+00,6.754632075449266360e+00,1.238588786605708769e+01,6.427942803315874976e+00,3.346417923617174939e+00
2.573333333333333695e+00,8.857646612870155423e+00,9.929755796125048661e+00,6.334071421322456708e+00,2.665958546921079808e+00
2.580000000000000071e+00,7.101324998608481209e+00,1.010653520695018592e+01,6.284842481919395318e+00,2.964063546121468384e+00
2.586666666666666892e+00,6.769406756242729806e+00,8.993983832751220930e+00,5.803711775945218143e+00,3.073974503444567574e+00
2.593333333333333712e+00,6.965909793890837420e+00,9.704162751315786650e+00,4.135252851716322731e+00,2.773371540087954390e+00
2.600000000000000089e+00,4.802280318689408745e+00,8.617798381003925812e+00,7.379255077308383370e+00,2.215494721587049298e+00
2.606666666666666909e+00,6.060994505975581426e+00,9.501838689439479069e+00,6.638053361236750938e+00,3.095099044606112404e+00
2.613333333333333286e+00,6.368190188843720456e+00,1.034739741726350992e+01,6.649869832035412820e+00,2.525206642111998079e+00
2.620000000000000107e+00,5.607852861096968233e+00,1.084097657259922087e+01,5.282402726391346448e+00,2.721525434850797787e+00
2.626666666666666927e+00,5.005056502976154675e+00,1.214668280712109016e+01,5.664387483641864840e+00,2.903860137615926540e+00
2.633333333333333304e+00,5.652712998647378306e+00,7.956924956686723505e+00,6.280422670719701728e+00,3.776670596391323631e+00
2.640000000000000124e+00,6.097520023173216508e+00,9.659649720136210149e+00,5.229515550522583212e+00,2.607579803322934264e+00
2.646666666666666945e+00,5.976971590348000518e+00,8.074454266179230899e+00,4.891791247839011092e+00,2.839469142748626940e+00
2.653333333333333321e+00,4.306276888984705842e+00,8.089613621173155522e+00,6.304643517788122153e+00,2.845238211360839209e+00
2.660000000000000142e+00,4.690569837671464626e+00,1.056472180429785901e+01,4.723725096939899615e+00,2.407271725381329830e+00
2.666666666666666963e+00,4.046364384528875036e+00,7.890617625066745688e+00,5.863263767057616427e+00,2.640437716214826480e+00
2.673333333333333339e+00,5.683447825743648707e+00,8.770315442774380799e+00,6.022531411052577610e+00,2.220345070954844680e+00
2.680000000000000160e+00,5.314487469275835707e+00,1.087961679335698051e+01,4.663746241335724463e+00,2.493574977536003878e+00
2.686666666666666980e+00,4.605071483383287756e+00,9.446595355604028299e+00,4.956031424919234318e+00,2.340059998889874482e+00
2.693333333333333357e+00,7.244383498905071939e+00,8.090956172739886654e+00,5.335800080617157271e+00,2.403048160978524361e+00
2.700000000000000178e+00,4.880097009751544590e+00,7.773917846104978935e+00,4.524355495796247517e+00,1.993207646919506582e+00
2.706666666666666998e+00,4.086254642497318734e+00,7.684159880296172140e+00,5.477752337570541030e+00,2.398797838848606201e+00
2.713333333333333375e+00,5.008974455539295434e+00,8.868352202501220916e+00,4.387976480623272835e+00,1.931330325635590706e+00
2.720000000000000195e+00,5.734131780320676164e+00,7.138986871625555786e+00,5.045271051982910926e+00,1.987638636721502428e+00
2.726666666666667016e+00,6.233656779181880658e+00,1.053618323657878086e+01,4.517513341330106513e+00,1.827532316687314085e+00
2.733333333333333393e+00,5.136766231176930653e+00,9.876346374215517088e+00,3.806404243095699247e+00,1.912243816605000868e+00
2.740000000000000213e+00,4.789415771254188492e+00,8.877011107258772071e+00,4.609026023872352162e+00,2.090436262673176060e+00
2.746666666666667034e+00,5.212259215122465150e+00,6.499336061575968770e+00,5.058787587427039156e+00,1.727298880885725252e+00
2.753333333333333410e+00,4.495643472958057885e+00,6.674895958790216355e+00,4.471141015313889966e+00,1.551797859303047256e+00
2.760000000000000231e+00,3.862381208875043104e+00,5.678518648434319083e+00,3.985583162332035467e+00,1.608553533774453204e+00
2.766666666666667052e+00,4.493930492149511124e+00,7.502576374225169431e+00,3.875034878359584045e+00,1.738699022384144532e+00
2.773333333333333428e+00,4.450737309498093097e+00,8.113616933219971017e+00,3.547066311228720625e+00,1.374175092361565209e+00
2.780000000000000249e+00,4.279399889958704684e+00,9.027984038878850370e+00,3.528910851108921776e+00,1.881324086426252151e+00
2.786666666666666625e+00,4.023242077345332568e+00,6.602267811833916866e+00,3.959796371749477739e+00,1.482606249822612465e+00
2.793333333333333446e+00,3.974567595194875125e+00,7.175553454841749002e+00,3.958245834920588013e+00,1.664680193236547145e+00
2.800000000000000266e+00,3.993890093605470426e+00,8.020637921653055002e+00,4.121265074436241349e+00,1.970894905472381664e+00
2.806666666666666643e+00,4.050218117041000099e+00,6.530286596983292391e+00,3.706535060642138113e+00,1.379029484511656634e+00
2.813333333333333464e+00,4.402759088153698208e+00,6.832276500482693748e+00,4.612324208790763436e+00,1.358705740135691009e+00
2.820000000000000284e+00,4.338187872608893159e+00,6.251058957263976090e+00,3.693526161717386902e+00,1.487416149897387907e+00
