2.0238474647961993
2.0238474647961993
0.3955210349898633
0.37935613546347885
0.3212687712038465
0.267863049818102
0.26744293063944874
0.264689876347615
0.26168625181336697
0.25275513091821533
0.24983050569085183
0.8659785001464801
0.24591288348499302
0.2451975439427557
0.24372204159727107
0.23801009803701417
0.2280279601155058
0.2170691018072549
0.212997135591034
0.20919054817117186
0.20698680332185151
0.20308119199062805
0.20150630639688202
0.20018011181610357
0.19990200470883002
0.19721896651598045
0.19721896651598045
0.19556122151229458
0.19610438514852482
0.19764872270554878
0.19523802174825305
0.1938288618354882
0.19339892152482094
0.19169695360859362
0.19267165961303928
0.19259137384331457
0.19239267539552676
0.19236761930857948
0.1922157174570338
0.19051061594415145
0.192209301763346
0.1919160669503339
0.19012177170197203
0.18964512822124327
0.18945143793790464
0.1894834771401594
0.18933229910074936
0.1893871505432386
0.18861766019351253
0.18880527170610345
0.18767709806544014
