2.0025723481869306
2.0025723481869306
0.4037262440363362
0.3822076027885866
0.31209033831778166
0.2790317580300096
0.26897728789504294
0.2688101767742543
0.26866631030516336
0.26741013716272977
0.2656432590224012
0.26131784664903257
0.2568346233848765
0.24738835272654727
0.24281517406216568
0.24238399576330602
0.2899913602573522
0.24363489101470145
0.24251068299217146
0.24240309898190032
0.24238709318415377
0.24238450433586903
0.242384079438317
0.24238400953215616
0.24238399802911298
0.2423839961361714
0.24238399582466558
0.24238399577340347
0.24238399576496766
0.24238399576330602
0.2899913602573522
0.24363489101470145
0.24251068299217146
0.24240309898190032
0.24238709318415377
0.24238450433586903
0.242384079438317
0.24238400953215616
0.24238399802911298
0.2423839961361714
0.24238399582466558
0.24238399577340347
0.24238399576496766
